<?xml version="1.0"?>
<opencv_storage>
<strong10>
  <threshold>1.2908933162689209e+00</threshold>
  <numWeak>3</numWeak>
  <weak0>
    <polarity>-1</polarity>
    <threshold>8.4911966323852539e+00</threshold>
    <alpha>1.5411028861999512e+00</alpha>
    <feature>
      <weight0>1.</weight0>
      <r0>
        9 0 6 8</r0>
      <weight1>-2.</weight1>
      <r1>
        12 0 3 8</r1>
      <weight2>0.</weight2>
      <r2>
        0 0 0 0</r2></feature></weak0>
  <weak1>
    <polarity>1</polarity>
    <threshold>-1.9934599399566650e+00</threshold>
    <alpha>1.6047384738922119e+00</alpha>
    <feature>
      <weight0>1.</weight0>
      <r0>
        6 8 4 6</r0>
      <weight1>-2.</weight1>
      <r1>
        8 8 2 3</r1>
      <weight2>-2.</weight2>
      <r2>
        6 11 2 3</r2></feature></weak1>
  <weak2>
    <polarity>1</polarity>
    <threshold>1.0491894930601120e-01</threshold>
    <alpha>1.2908933162689209e+00</alpha>
    <feature>
      <weight0>1.</weight0>
      <r0>
        3 9 3 3</r0>
      <weight1>-3.</weight1>
      <r1>
        4 9 1 3</r1>
      <weight2>0.</weight2>
      <r2>
        0 0 0 0</r2></feature></weak2></strong10>
</opencv_storage>
